-0.550094992284291
-1.73396238137937
-0.387418640702467
-2.36514614760007
-0.571256026650858
0.0100688846233914
1.2557230350065
-0.820761234820106
0.305459769448898
-2.91126228267898e-05
-2.24377145367397
-1.86334546647566
-0.195606060355811
1.22572211059854
-0.603547917608793
0.67820374089518
-0.726320625047861
-1.07273130699656
-1.30248615036353
-0.229620177034093
-0.656654718797043
0.381522053116981
-1.44878818521565
-0.978113121073315
-1.22437626741747
-1.07705255609514
0.623583101876853
-0.45789578381307
-0.561759084291167
0.136207577474471
