-1.60689181876693
-0.19568033692546
0.408589695048433
-0.462907025185733
-1.17591611353168
0.906824668793304
1.89362585218767
0.987693378182081
-0.534651910473506
0.978074551788337
-1.26396454990146
-0.299583946947283
1.39347866955939
-0.78277224443944
-0.325554666737172
0.500143061501047
0.952314140467079
-0.402329099763506
-1.08392672946356
-0.336508058450588
1.23600332041325
0.249004411529267
1.2739418562985
-0.567833190906688
-1.30228353761417
-0.173528162196309
-0.919317070796146
0.0449179812700519
0.0670574615337221
-1.02591885655511
-0.614943693950765
-1.23749411046498
-0.144866418916636
-0.65942729883124
0.201805676343065
1.02255053568094
-0.027765292930595
-1.92862899225529
0.956727510115385
1.86712807408862
-0.867289300645453
-0.148118427119713
0.56642019111571
-0.444491532285241
0.293635469727701
1.25566995060619
-1.81828999816686
-0.21033387452794
-0.572977854744333
2.33225451272732
0.218301372576208
-0.647513576571506
0.41570071119484
0.41172084604197
0.625347338227196
1.86351868074238
1.13507867764454
1.42979576319729
-0.851605529662068
-1.2915869963468
