1.59473622666791
0.862948714484323
1.35023516050746
-1.48736168000989
0.165686128471567
-1.83941028527104
1.03187426862802
-1.78293466033532
-0.943972723489332
-0.286204398101865
-0.307305729292606
-0.847825604971568
-1.15890597931492
-0.789258897910368
-0.554104454400357
3.10981985537404
-1.46972284664871
1.18484022588987
-1.16602318220452
-1.42098947438763
-0.54912419012804
-0.593309662025067
-0.120570744070763
1.29489804683864
0.544636987100996
-0.373855705537821
-0.0565010602017025
1.08321618607212
0.736792049825537
-0.673537816722056
-0.694685161243932
1.25234899681313
-0.578962428408507
-0.0775144509478999
-0.656557722207506
1.98349949084381
0.00498121245417648
0.0373597950215089
-0.909174009812739
0.036035208630123
-0.338255853014483
-0.960745934576813
-1.58957687207933
0.0607438886661436
1.34892617879402
1.27574592880234
-0.00334383131413974
0.441011983948674
-0.170821056767023
-0.954952261500569
