1.25802647277626
-0.0940887307427336
-0.519103256274565
-1.47936802066548
0.695818081612581
0.54908856499214
-1.09203963536582
0.86535448938642
-1.61502871334931
1.1519041173278
-1.8374686029512
0.161306863239286
0.0542432458705237
-0.540046730568391
0.67870077532218
0.569654241019401
1.23194101459562
-0.0167408085656936
0.0496236073493095
0.422699252776154
0.670871232955819
-0.475235735248535
0.891860601705457
0.168818810974398
-0.592493612050324
0.419010878250691
0.788572309860088
-0.0739989232165594
1.51522386222144
0.144716794580442
2.05315814607265
0.859369785847239
-0.244123126417047
-0.355352865420197
-0.323045502182921
-0.627444707301532
-1.22709569711674
-1.39166382410185
-0.153865472273351
-0.605732112136027
