-0.475234217033531
-1.33793341945217
0.299031215621145
-1.0508434039414
-0.60791897482225
0.816527969396357
-1.66189484533652
1.88042443751563
-0.415182610061456
0.553025549305716
1.13627876265147
0.509011237227034
-1.74748868730624
0.454213239722383
-0.259358740529631
-0.998261819541565
0.0207371892185085
0.299513793154761
-0.385508454988907
-0.203880829194309
-1.00684969606597
-0.956885133362709
0.343988516398261
0.440197326492379
0.117744498423299
0.228776048389727
0.47650375352675
-0.567678160836079
-0.102617234826822
0.969201857292126
