q = 10
   0.5965
   0.5039
    0.4318
    0.3372
    0.1652
   -0.1739
   -0.9046
   -1.9112
   -2.9540
   -3.5970
   -4.2637
   -4.9166
  -14.0753

q = 20
1.1509
    0.9821
    0.8113
    0.6613
    0.4579
    0.2072
   -0.1369
   -0.6413
   -1.7460
   -2.7107
   -3.5207
   -4.2325
  -13.3129


q = 30
1.4752
    1.3162
    1.0354
    0.8495
    0.6570
    0.3128
   -0.0985
   -0.4180
   -0.7281
   -1.0094
   -1.2710
   -1.5707
   -1.7545
   -2.0256
   -1.8494
   -2.5981
   -3.7050
   -4.4020
  -12.9443

q = 40
1.8019
    1.5462
    1.4162
    1.2220
    1.0201
    0.5679
    0.2985
   -0.0729
   -0.6385
   -1.2715
   -2.1721
   -3.0854
   -4.0871
  -12.6290

q = 50
1.9666
    1.8333
    1.7055
    1.2557
    0.8682
    0.6333
    0.3832
    0.1435
   -0.0912
   -0.2978
   -0.3938
   -0.9625
   -1.7298
   -2.6869
   -3.5540
  -12.3644

q = 60
2.0757
    1.9840
    1.6189
    1.3956
    1.3079
    1.1906
    1.1029
    1.0595
    1.0121
    0.9321
    0.7994
    0.5990
    0.4966
    0.4343
    0.4273
   -0.0688
    0.0317
    0.1949
   -0.0386
   -0.0898
   -0.2058
   -0.0841
   -0.1456
   -0.4082
   -0.4938
   -0.7630
   -1.0306
   -1.1005
   -1.0104
   -1.1443
   -1.0776
   -1.1546
   -1.2411
   -1.5219
   -2.0322
   -3.4020
  -12.1260
