-0.83640252258845
1.10062675944618
-0.307184814711724
-0.766338780915797
-0.588597999509827
1.57449481285533
1.33083701730102
0.335445284433757
-0.652759917981631
-0.285951774790066
2.06291737467155
-1.43897854273991
-0.73263275452077
-0.612453926584713
-0.414046034115674
-0.872733918795877
-0.868679853296893
-1.57347614913147
-0.0277669663670471
-1.42957293419282
-0.668042230369836
-0.826687276963579
-0.216177071146645
-0.638501643157062
0.122937871734233
-0.955498389383628
-1.28152809387481
-0.790433675750118
-0.12485930832444
2.75757607430591
-0.849569657510387
1.63786184443733
-0.812033220970786
0.153753726986132
1.03199124607329
0.554569350846919
-0.511288458194355
0.74150086325158
-1.37376018701065
-0.159619136936442
1.42082075697902
1.11824873464892
-0.425072088681303
-0.852323247559396
-0.402465490343557
-0.162985250769658
0.4721310686783
-0.287539882507387
1.75490855437645
1.56265679659041
