-1.07988255934975
1.76664358354644
0.490158829887588
0.582446711880307
-0.550393033110415
0.127244450563717
0.538918907843834
0.16289604240971
-0.661670257662785
-0.309353540619879
-1.97015023416008
2.52585981413444
2.60909200543283
-2.41933344816263
0.61948836754692
-0.460130429629051
0.380081209478294
-0.29841817547981
0.321932727954212
-0.598987275633997
-0.719758241186455
1.48809119341607
1.42547616149698
0.3817735108843
-0.651107585338578
1.34336301339236
0.168173309548474
0.740556017702093
-0.920689296575231
1.47600658012986
-0.389366904098381
0.352959561881914
0.480555708231956
0.524088435101995
-0.664521366755806
0.73155310289887
0.97603464637343
0.228538490883304
-1.45524521091459
-1.2159245052022
