0.07931328132561
-1.80095628801513
-0.742324076427447
-0.233741717389582
3.01293308042847
-1.61485301056172
-0.33900102471113
0.0821416532339962
-1.54841362845179
1.41363368044948
2.49481337719183
-0.858338969966491
0.653191520029841
-0.141958412933894
1.47784013134329
-0.315316339025731
0.70018073343853
0.000943446071883054
-0.822714549646026
-0.243330607462146
-0.120423367817893
0.0672534128716206
-0.107724307247817
-0.694546140538352
0.898686972402735
0.199532329758983
0.330597499117876
-0.104805556437453
0.700653898433307
2.57944429533664
-0.328807336933209
-2.24337585839762
-0.406077125168554
-0.311642244208701
-0.171794268084785
0.458409156257473
1.54155881009472
-3.32589467066396
-0.208584714766776
-0.254263810673491
0.364024247522992
0.240007361535531
2.22482055347903
0.188529483982148
-0.688971931772864
-0.130979608571133
-1.35541826323482
-0.267262286071037
-0.723596350247562
-0.62888673206732
0.921192562036176
0.396516850294477
0.610978941798358
-0.819332554890377
-0.63073846723206
1.56977824609633
0.697677155378033
0.924953694050481
1.95649995491307
1.79690621080085
