1.97144084001176
0.0193241675383012
1.16602060338531
-0.246132548369672
0.39022215994202
0.679435135982659
0.603421477451045
1.11505292367248
0.97500341298878
-1.86516033536467
0.153427560700703
0.660311230960461
0.668285662436172
1.73187807317362
-1.49736356436579
0.0690316642041587
1.56045339842988
0.465705916244784
-0.626875281059207
1.80455627653707
0.514806547185172
0.0233720183104767
0.0677437757941168
-0.101153322061684
0.66458371491915
0.245943128148474
0.582004299502654
-0.0129359741565412
-1.64119123300429
-1.2436199836658
-1.21779475391178
1.5972089250213
-0.236243784147008
0.437248408221286
0.291822332541497
1.99939823568213
-1.02091520693291
0.253989181495257
2.30543833520554
1.39431150824331
-0.730573453149613
-1.54704724424872
-0.950791269069203
0.970681505307542
-0.322010166245035
-0.764620036830115
0.15080158760069
0.924609130044898
-0.667729955699234
-0.344010531527789
