*************************primal************************
d        n           m                eta            time
10      56         1256
20      211       16361
30      466       77316
40      821       236121
50      1276     564776
60      1831     1155281
70      2486     2119636     1.4e-13     1396
80      3241     3589841     1.7e-13     1386
90      4096     5717896     2.2e-13     4565
100    5051     8675801     2.5e-13     6884
110    6106     12655556   3.0e-13     8449
120    7261     17869161   3.5e-13     40302
130    8516     24548616
140    9871     32945921
150    11326   43333076


**************************dual*************************
d        n           m               eta            time
10      56         385            1.7e-15      0.07
20      211       6195          1.0e-14      0.20
30      466       31930        4.4e-14      0.87
40      821       102090      4.9e-14      1.97
50      1276     251175      4.8e-14      6.81
60      1831     523685      9.5e-14      20.5
70      2486     974120      2.0e-13      265
80      3241     1666980    1.1e-13      322
90      4096     2676765    2.9e-13      1105
100    5051     4087975    4.3e-13      2206
110    6106     5995110    1.1e-11      26129
120    7261     8502670    2.7e-12      11514
130    8516     11725155
140    9871
150    11326

