-0.404614721975885
-1.96470247302068
-1.34808499473318
1.04488727897736
0.707992516547562
-0.907908121439644
2.46487434352971
0.0275883232196108
-0.484013596099517
-0.0746603315599904
-0.226965118605364
-0.601192951735193
0.464361708001283
0.0862493218772821
-0.672276268780344
1.07116732265471
0.0934651452892688
-0.424092784722423
-1.44655132790702
-0.00258352059539586
-1.01131147452177
1.93184919799215
-0.0150473725187859
1.46640325411916
-0.645435313803277
-0.137077482903867
0.0508553382551638
2.01568038175158
-0.995374755285756
-0.465865655217773
