-0.508056130610206
-1.37566913771851
-1.47840245688736
-0.914317222270755
1.01021118417124
-1.22014965936205
0.305772358205956
-1.72340175329682
-0.808279689772358
-1.17671595335491
0.417970857676816
-0.648172576304576
-0.863835969252947
0.293207346244406
-1.10846607640126
-0.348657376102415
0.283777557517787
1.0055201568079
-0.993731284996431
1.9399131963807
0.164314721425942
1.26499779916394
-0.89499494293138
-0.285496407617882
0.2870559526761
-1.60245046579158
-0.831858564985476
-0.855858909719753
1.14740422459496
-0.0887804697981429
-0.416859104994987
0.97161257136265
-1.27635332033241
-0.650063354515335
-0.0230881957698999
0.495619711106149
0.213003315856536
0.417768309409731
-0.205530177898774
1.79577079698754
