-0.491952539999467
0.406655286272398
1.08223736651699
1.14480564412793
-0.41265982016786
-2.17863845843904
0.377455024552456
-1.98464113847635
-0.854274550566715
0.931706903888481
-0.0561129149706073
-1.0169357454279
0.731954613276202
0.164792859457573
-1.21476779529537
-0.108259523440345
-0.810145660659359
-0.890231475169729
0.714067052772461
0.306360232529219
-1.30676130264123
1.10042315453108
-0.267062382875059
-1.14605565324838
1.20372099838794
0.525594852860011
0.869703645604789
-0.649038722149978
-0.223459350286328
1.88698233610819
-0.318619160634882
-2.28941811510363
-0.122681585651369
-0.0312159596580854
-1.1155383473974
-1.47376021220582
1.47689284916959
1.41328631338531
-1.82096823242875
0.609205434034476
-1.31557081243751
-0.235299776674991
-0.360272958286496
0.675599879339792
0.799479611077317
-1.79168468694531
0.764525380514098
0.383290818429886
1.56993734275745
1.32943171479885
0.200607515670054
-0.109803424607196
1.45595992795635
0.353575181535318
1.12328340999658
2.54706183780279
-0.280864185824271
-0.71340703128385
-1.18331950547852
1.13903392623699
