0.0685263546412434
0.951152621573407
-0.344803183208424
0.0359420272387659
1.12212149409023
0.323683585908075
-0.41122092164409
-0.641786041336842
-0.661484689316239
-0.225257885361216
-0.82988341178854
-0.126157342877774
0.308740250249809
-0.570084532037593
0.538835111465494
0.466859571289493
-1.97407594583913
0.362956217744045
-0.66173975750416
-0.277042365159672
-0.521343822296563
0.65490428502431
-0.136645430025314
-1.00282335274016
0.182574102178217
1.23997606876343
-0.430236238324243
-1.37694793737096
-0.437756734222111
0.381851756420621
0.83134607162164
0.42713154960869
1.76352936768592
0.94573138158381
-0.343514665907163
-1.13178034148681
0.651696646783966
0.225014055462055
-0.121135926002581
-0.669832871650188
-0.308984236064395
-0.1258363539049
-0.802669850825349
-0.421116780207146
-0.15423092180225
1.32543124711182
0.410705757869033
-0.947848040678654
-0.586419557602907
-0.0624189514360374
-1.21023791332005
-0.386234210902854
0.0641346058492156
-1.57086650688965
-0.0475326730432086
-0.358441960162395
0.651882688873784
0.72443627640421
0.832294322254965
0.460888662645585
-0.580863920891786
0.511736109191046
-0.515915235944741
0.325434208197596
-0.549138989914596
-0.0958064765441603
-1.04983807905552
-1.12076251968603
1.15548741608109
-0.235748734681733
0.577611668447186
0.139532481139782
0.693729892183019
-0.130082842887009
0.195510692712399
-2.28043981478012
-0.980874580178667
-0.574114375756552
-2.40165664720813
-1.52186866958399
-1.50883651542498
0.0856630406329827
-0.452947061902502
1.66921010271408
0.452499371047437
0.106680950573056
0.655975941704321
-0.66479043084633
1.8876267384929
1.13075453596178
1.09840592068245
-0.0851981196073064
0.8757830774977
1.01983383712224
0.799571903200778
1.758586214773
0.310570573697785
-0.650636183813624
0.170968776182913
-1.35736911614473
-0.656470251627867
0.452809119367098
1.64928259774875
1.95782047400746
0.68703017647431
0.129746357157331
-1.265190099722
-0.0210308650366996
1.01859593773813
0.651690639717327
-0.0733128219846668
-0.137929918158443
-0.940139729062101
-0.817527009518468
-1.48306844052743
0.639056790236155
0.148561911324512
-2.78968197136746
-0.194572811521002
-1.00182409761167
-0.666923353203527
0.50919206743171
0.753674329312227
-0.0950028340434135
-0.397567455328786
1.11249314133949
1.18091402668894
-0.209509276063903
-1.308347293585
-0.74694282867195
-1.96214740661516
0.951631066429843
0.182226474854264
2.63946775376691
-2.2762922984174
-0.436166191141542
0.571367493516188
1.53206874704814
-0.403490917345194
-1.66396233254411
1.47520459055179
-0.9250785151759
1.11422897170447
-0.479205528905333
0.469537014752808
1.12370040226779
1.18614747231522
-0.211072888928328
0.62309925981921
-1.15643381781135
-0.675726101380614
-0.194795278273791
1.72370872191157
-1.06325480764489
1.4657705634366
1.1181701420966
1.66147236936155
-1.03476323016615
-0.53700251091639
-1.14759065511838
0.78500699140981
0.728189075812852
0.464770022155608
-0.0680905962796836
-0.460447135559766
1.2754649184926
0.345110405017272
-2.16682786870802
-0.738737729329073
1.43043293840522
1.36708796011076
-0.639247550592368
-0.470521254762738
-0.199418818174357
0.141951203431125
-1.70969045159773
1.44540940598461
0.0926794527465786
0.759480478203489
-0.421303162753457
1.33493898215836
1.16692956901575
-0.950172696086931
1.76046479668485
0.553827660885259
0.588350307150526
-0.397706584156215
-0.926793372017937
0.628003413793257
-0.825663575678723
0.0488284769727012
-1.03228771701094
1.50018762704697
0.00722911804925379
0.740660686429205
-1.84586051317447
-0.105909585695563
-1.13839134256088
1.87719253297638
-0.130507170004295
-1.0024698183582
-0.870030764049889
0.108704389949259
-0.708426660059816
-2.31108861740689
-0.180891534788955
-0.00774477616246438
0.524513332981189
0.285149669015134
-0.371715548096786
0.323188950878494
-1.45604069233962
-0.787505196577375
1.01722345455646
-0.57206420948102
-0.269729089798551
-0.547944131568398
-0.0153744897661876
-1.14567770196057
-0.0882384101620363
-0.464214866923937
0.411916621836763
1.96030293313968
0.220073364826272
0.771331189956453
-0.380894173073927
-0.872984303946426
-0.244304949621543
-0.334676494531174
0.40612922075704
-1.56926524427317
-0.971538709006506
1.29319410697685
-0.844488093317097
-0.326878279209353
-0.6765047001217
0.837789694915616
0.0621887117985409
0.144334511956938
-1.13475402016724
-0.279347199008542
-0.753984377503302
0.892921870433518
-0.591481414510736
-0.932957517127768
1.8495163401865
0.777056973813609
-0.0579780496113368
1.08311639310941
0.465349892167987
-0.2507255427421
0.894565829820013
-1.50492493587002
0.907152105230177
-2.14127939971309
1.57429271491834
0.275475148692805
-0.2113427490868
0.771165382925097
-0.141407852972726
0.709168800987497
-0.756687187067219
0.0269631541690929
0.344470619537291
0.513979644616054
-1.23065747638323
-1.1031378378428
0.353525785037541
-0.299834566096258
-1.65022214452687
1.09558745096738
-0.334411684020225
0.999668104872828
-0.0332375632494498
0.00160746238202717
-0.426959409596844
-0.864780963384344
0.810471734177613
0.359837791765371
1.4404548559971
1.59596506840948
-0.700017937847048
2.58905564129084
2.23620450384205
0.00750796273760267
0.218741636442272
-1.8113335344746
0.892581431305363
-1.62968116023565
0.109941446296484
-1.7070327132138
-1.52386057751014
0.465435357641345
-0.00998160018630465
0.39862428695361
1.02900278133022
1.65068470521976
-2.68232614695718
0.458336581132064
0.25660817487295
0.583446604477882
0.106393358160251
0.159987338805929
1.22863605155993
-0.0915236655073239
0.13427525863629
0.555544760104806
-1.13933516023119
-0.405534941139106
-0.478317906279938
-1.42159114630183
-1.7614124680519
-0.801811256311399
-0.525757184251653
0.0424672631280773
0.155994018048235
1.12206695231781
-0.0759359763631127
1.89986301954293
-0.371260743574436
0.907025627722239
0.263109202653036
0.465131711262675
-0.698836295561179
1.77288462185699
0.583055202617562
-0.23797409086941
0.0533973128615956
1.5358716989579
-1.37859588611209
-0.706552134027228
0.806215873177506
-0.633624813410755
0.671413727882711
0.196889496686185
0.583674423523727
0.160946350770267
1.40334380105288
-0.492677038158673
0.290992354694977
-1.24077732165365
0.1835055513437
-0.0854289195354657
1.34099026002138
2.30786801940727
-1.79134881348556
-2.1434017417481
-0.945116513069895
-0.44579104571412
0.572819434100028
0.0251707474308323
0.0419875616200224
-0.202645552053295
-2.08538818362144
-0.346393477067099
3.70836404713519
-0.633083740396428
1.94331568398166
-0.370574880366086
0.359963023116686
-0.6284002406474
-0.713021771195551
-0.196001219733675
-0.197114867502733
-1.14392759150602
0.169938927931186
-2.58117833374376
0.368582294602206
0.336685224127427
0.559857208388134
-0.658788208188044
-0.834883787416152
1.14237691481423
-0.322182620285628
-1.0577649225983
0.947411978183836
-0.609925143920568
-0.313723456380129
1.67822164618995
-0.311455112393137
0.828795658857581
-0.0994172100686101
0.745171043430707
0.361945200724745
-0.0751134626835766
-1.10378223424305
-0.450737567999593
-0.0503577686120863
-0.892108180666406
0.103097804225226
-0.329452107242658
-0.017720716361673
0.103398426777354
0.251526170944128
0.545172502660763
0.414401297387612
-0.245508867717403
-0.25495857954542
1.21883095521203
-0.533786969934515
0.977890241846457
1.21052865200416
0.573066362811592
0.156571247188638
-0.332943487114516
0.177462466290206
0.351501035283897
0.0922049702163464
-0.517294544220843
-0.166711128383204
-1.59853343769325
-0.861490024177701
-0.778462034046327
0.482091440124489
0.687984796115415
-1.80508195219695
-0.518076226823448
1.18709513393435
-0.262788356302387
0.00893815798632721
-2.47821497362356
-0.730126132148907
0.476300000528913
0.260690440037437
0.870798591607592
2.67951160262708
-0.460071147989195
0.312733480738979
-0.0913836031566471
0.0196338659131837
-0.351025847668753
1.47240615135822
0.706500755887162
-1.39314917056822
0.370317438385051
1.71226025902346
1.32754736939943
0.134771898527557
-2.21756010011138
0.88479474240083
2.04377258772347
0.705670923676717
-0.130569676957518
-0.2819464034042
0.87276625140298
-0.81790050693661
1.21535926359449
-0.00199421773496751
-1.52733662006582
1.213474440118
-0.391363667629977
-0.58911068526584
-0.790160452792722
0.454374759790281
-1.53025682944239
1.04948560327137
0.309847677083244
-2.25983164539433
-0.153796164411186
1.90687610690406
-0.0122628239572768
1.26236037564212
-0.349910619092838
0.529622270644229
-1.3240453256482
0.775490849547226
1.96428210367636
0.288209904940201
-0.387827846203077
-0.777164913006353
0.29718833568174
-1.17143198889741
0.0418522205044749
-0.99286628896908
-0.572527773764159
-0.274957364996711
1.30721725775804
-0.948367727448394
-0.717363017691216
-0.826727455779605
-1.44968723918164
-0.352073694659872
1.89923952619044
0.935783755266984
-0.0580604367974711
-0.24036312691263
0.834200121183749
0.063311860568365
0.175132476035711
0.410411778386844
-1.89984534379397
0.966655618741661
-1.79158958384571
0.104121372508421
2.09529246077679
0.20392367990994
-0.362097801494023
0.408377591905803
1.82229752504564
0.466624732656282
-0.685404836968567
1.07162018990996
-1.80283462641329
0.51137310111598
0.974607630679635
-1.61135364108662
0.112046851177668
0.365757952208888
-0.624357244922279
-0.986865772349026
-1.60716980301897
-0.978330855208191
-1.17250406456239
-1.14421673226842
1.5775547365575
0.708997458052843
0.721811953929345
0.635177017649007
0.895532977442142
-1.42880703846787
0.0988494371837148
-1.10502738558197
-0.0176441359516611
2.11786963238468
-0.100581305900702
-0.42634400417937
-0.487247448314305
-0.367167350699849
1.98282719068794
0.752583647283184
1.24765008804797
1.34653715118092
0.486562653484567
-0.555278881313377
-0.10705129435513
0.508853650487731
0.766305851275077
0.544552408721215
-0.0456943543912787
-0.550757340305154
2.40015033309717
-0.769293691692084
1.65335969076376
-0.213243712428125
1.46195242750105
-0.684072857100618
0.921239287481605
-0.832129352296416
-0.134755173167172
-0.433725951584578
0.72130451662758
0.757848752730787
-0.0432104640529959
0.180813990631433
1.01228517678012
-0.822691271529345
0.0358725913410206
0.44565946472996
0.24482862178026
-1.04081318426
1.05570360587613
-0.54637210820208
1.81664777028796
-0.0688455741634264
-2.20106709700671
0.559963422791556
-1.87577551174594
1.24100606051353
0.353829706268829
1.10585606243687
0.829354455949129
-0.575307568424121
-1.30720938150459
-1.20132469596861
-0.85802285545749
-0.941594918971458
-1.4235008569997
-0.29600979286586
0.646997419295217
-0.206804742230077
0.0159395879135339
-1.7196629026017
-0.462109743860483
-0.92874707219403
0.695690389225488
-2.17986008642665
0.632084140060599
0.654085207272096
0.00946495589923381
-0.649768481652748
-1.16388938989015
-0.947484887211046
-1.10581037039967
-1.37071407087673
1.63729008324561
1.13268513758746
0.856959690443471
0.649818703880589
-0.781786415000896
1.29726262004767
-0.047312403595131
-0.77072509778197
1.03716990365373
-0.920015141774743
1.20726451379863
0.895551934957228
-0.277280734099014
-0.161277843610892
0.951485837710544
0.870177613093647
0.0365596350396158
-0.889435144212976
-0.309989282584793
0.412297680192696
-0.0634402485352403
0.698801308441219
0.911797716633181
-0.260108535635183
-1.23648403378051
0.63688737256391
-0.815341018178777
0.228862747195349
-1.29886093752168
-0.637852179092947
-0.204236343197035
0.483687757622674
-1.09750399753504
0.8539336265114
0.918556347200351
0.665638072528671
1.065574527337
-0.549502967056236
-0.846072030203601
-1.07576185184608
-0.347223371745115
-0.266710193846822
0.337736004909479
-0.342633437260245
1.22208445880584
-0.0935752535636719
-1.20634494484436
0.488635354841294
-0.360785750907227
-0.690994510343132
0.0692666264007699
0.72422106626769
0.814920824866552
-0.545267546791768
1.18061885876593
-1.78312279772833
-0.14769452859777
-0.462406478640983
2.28468540221858
-0.786199582476863
0.0180647176921257
-0.843005174546778
0.643816323619585
0.338121684733003
1.1511275899092
-1.87825192144754
0.75545360990497
-0.542848973108492
1.09229194970802
0.137968061032587
-1.77578296955221
0.199906992458652
0.203983335488325
-0.281150086584192
0.471491622808741
-0.137922513234342
-0.9291655631657
2.42205270806711
-0.707384888804364
-0.148164953140316
-0.851074175996104
0.580053331788678
1.19116928650826
-0.0963458533311625
1.65425129268755
-0.414662187525797
-0.509875241248091
-1.01083565511437
-0.574621128326375
0.0350787914937171
-0.438459075725266
-2.32777979596459
0.874367406515464
-0.629822937035115
-0.39429860671868
-1.47565627598205
-1.17197905018228
0.380150470738538
-0.273984520943424
1.45996033152242
-0.686218134405346
0.914762870549652
-0.793940637931373
-0.995358989788233
-1.56613973514982
0.0245323691186392
-0.445265430996678
-0.694331471909081
0.83741679717848
0.1890552117237
1.26889172866105
1.40568018559472
-0.641132298921434
0.365477428430845
-0.90349110500144
-0.300825958006568
0.304716565870643
0.145666204493704
-2.47252820230004
-1.86610645700408
0.958768261590079
0.458486583140543
0.631156894087332
-1.66313061896281
0.495700697289481
0.111633059621943
-0.648534545073931
-1.66485053031872
0.271954846364487
1.54736409729731
0.521221307585596
-1.11948745986112
0.708214956479257
-0.915364468894102
0.356113275411046
-0.075337014296701
-1.42171396952511
0.0361942784906157
0.00429870806604474
0.481634978766302
1.06702726792277
-0.34990738562029
0.286528244582736
-0.77786125790191
0.531652148280872
0.179068888555129
0.293083473028582
-2.25028910888298
0.894996902026749
0.0769006489709445
1.42202309877534
-0.463910899500499
0.593339178304658
3.29065019453357
0.281899508934117
-1.20474068335564
2.16058411764489
0.220588076303127
-0.726336802814598
0.588965714249972
0.46418918221703
-1.60170385973949
0.178372253168987
0.231830265932763
1.30847307934741
-2.12223298361887
0.0290410274359313
0.664294824401712
0.635291072390979
0.786908078338242
0.251527393467682
0.162403613263856
0.222288185996028
-1.8930912828454
1.43037928891536
0.0708928149748648
-1.99443395541617
0.616616724767116
0.658593513015712
0.631903679586852
-1.51346776027979
0.517527817389852
-0.510656842881397
1.36968167435372
-0.842708867261822
-0.546274754533859
-1.3863900672112
-0.910363475705491
-0.37613856033729
0.872844691864991
-0.328030030224611
-0.352900842744262
1.47927286985535
0.586513564963823
0.915375664672632
-0.787480197998046
-1.49482821305993
1.4191653875775
-1.13905492215566
0.577432721169062
2.14314995016237
0.611069306829754
0.192597282683551
-0.233749009829122
-0.774779362782227
-1.43701671482822
-0.362125835492168
0.00901660386810893
-1.25274661063113
1.27195154876318
0.204367166439115
1.5874368541414
0.248014021008766
-0.399234151882252
0.9923102529639
0.0847277782256102
0.639421298382208
0.754367268278954
-0.473532380369091
0.909634763888589
-0.986960442127301
0.52137502445687
-0.717850128501293
1.12739248666987
-0.766911821423112
0.938592588450772
-1.36747470585998
0.745495925481269
1.163325857939
1.74636934069133
0.15662732933343
0.171693189774503
-0.190821782313465
1.28335454228493
0.91229829116703
0.024082022503586
0.0129237227512425
1.130473663996
0.0711941030743142
-0.87205466675163
-0.767002837506886
1.21833124175737
0.088712779624253
0.155673798607373
-0.161546934342511
-1.19579348851162
0.454283639289297
-0.109842661524758
-0.147791862169613
-0.238018986541672
-1.0117351084924
-2.58163971636616
-2.28866734882695
-0.183011689469749
1.19375734813818
-0.0409778728572021
1.58082015106542
-0.486098455451619
-0.0167955255862326
1.68944254411389
0.513180489334633
-0.394347954706264
-0.167171501509967
0.334488989983641
-0.38387964822438
-0.58060876319925
-0.804421689694985
0.482753359243488
-0.94083838430218
-1.7972239089317
-0.390988759442952
1.19143874947933
1.0991472275705
-0.056547592908012
-0.928097564484482
-0.195190763342426
1.44468386390462
0.200657856672919
1.4415661873374
1.08610137848237
0.291316766841761
1.46112952389028
0.0492530554276518
-0.806854141123296
1.22985591498106
1.09397324140746
0.541026030895908
-0.698404950940852
1.4455555584347
1.48637617411895
0.69067628108163
0.179004339233124
1.72809032333812
-0.548991656820332
0.090157011323263
2.30714213082786
0.976874935991733
1.4332295486129
0.175919678094948
0.1756205543018
-0.094222120479085
-1.24631750973706
1.58453666366492
0.430520186165018
-0.532557494398647
-0.370799757672188
-0.475234217033531
-1.33793341945217
0.299031215621145
-1.0508434039414
-0.60791897482225
0.816527969396357
-1.66189484533652
1.88042443751563
-0.415182610061456
0.553025549305716
1.13627876265147
0.509011237227034
-1.74748868730624
0.454213239722383
-0.259358740529631
-0.998261819541565
0.0207371892185085
0.299513793154761
-0.385508454988907
-0.203880829194309
-1.00684969606597
-0.956885133362709
0.343988516398261
0.440197326492379
0.117744498423299
0.228776048389727
0.47650375352675
-0.567678160836079
-0.102617234826822
0.969201857292126
1.9470826091414
1.16475075619643
-0.360565917402236
-0.543228545917904
-0.853709631939256
0.640052216421111
-1.01693717060567
1.13643248648319
1.01463963191621
0.0997203204739424
-0.331624750786788
-1.26159971374246
0.164679083095812
0.205761875785878
-0.386935202837919
0.399437667063111
2.36507406125986
0.526183339889523
0.671025618142927
1.45257730337149
-0.389602132744713
-0.985798499767157
0.884196969542387
-0.37781937816661
-1.18806209968393
0.409905191800722
-0.0703493243750399
-1.68314035310121
0.880883089216214
-0.0761551410649805
1.27075990392859
-0.413362822850131
-1.09721284822867
0.727116353577103
-0.41859159683887
1.35937914411418
-0.0285464828419661
1.17082098234731
-1.87485775129439
-0.615380330708226
0.350165131594939
1.08923332258905
1.2905270242576
0.862407181030935
1.06389649620334
0.939472628606131
-1.12935100210619
-0.400212610635185
-0.868708746691769
0.176747400041445
-0.177859290609632
-2.14836170104418
-0.641165043978899
-0.851238935083021
-0.253993973157391
-0.665005202657949
0.339289511218142
0.201037033232149
0.691875156867419
-0.500439497155391
1.40489898526796
-0.820465825286367
-0.200395283673261
-0.24598561567031
0.816284362080438
0.40160268192367
-0.193482041420918
-0.496074091663873
-1.06889953067097
-1.29652666334352
-0.93685004171136
