-0.649013765191241
1.18116604196553
-0.758453297283692
-1.10961303850152
-0.845551240007797
-0.57266486645795
-0.558680764473972
0.178380225849766
-0.196861446475943
0.586442621667069
-0.851886969622469
0.800320709801823
-1.50940472473439
0.875874147834533
-0.24278953633334
0.166813439453503
-1.96541870928278
-1.27007139263854
1.17517126546302
2.02916018474976
-0.275157240675694
0.603658445825815
1.7812518932425
1.77365832632615
-1.86512257453063
-1.05110705924059
-0.417382047996795
1.40216228633781
-1.36774699097611
-0.292534999151873
1.27084843418894
0.0660093412882059
0.451290213630776
-0.322209718011896
0.788409216227425
0.928736046813314
-0.490790376269763
1.79720058425494
0.590696551205452
-0.635785737847226
0.603346612845761
-0.5352479677759
-0.155080385492789
0.61212237077216
-1.04434349451734
-0.34563190830705
-1.17140482049761
-0.685586780437283
0.926216394168962
-1.48167521167231
-0.558057808685045
-0.0284531115706568
-1.4762923520101
0.258899957160403
-2.01869095243834
0.199740262298379
0.425864319131209
-1.27004345059705
-0.485218835743043
0.594307616829848
-0.276464906639256
-1.85758288592737
0.0407308117494288
0.28297017716199
0.0635612193024994
0.433430065111595
0.422860364487685
1.299528296552
-1.04979323447507
-1.78641172211092
0.816043081031918
-0.328208543142512
-1.21456561358767
1.11183287253465
-0.507496954829846
0.898730486034072
0.377215659958544
1.4523916455879
0.446945073178941
0.64582478845303
-0.623677409296163
-0.595236431548712
1.61132368718055
-0.348998045314167
0.164167484938754
-1.63657708517891
0.581365555343623
-0.128905996910632
0.432858634222399
-0.245109040039237
-1.08543038934632
1.68080151955536
0.176411940863882
-2.07143962693628
0.211089334851037
-0.582847822547194
0.0181688430923922
1.49477799287395
-0.424796733441211
1.68624315536028
0.365489884844483
-1.09706118485406
1.93021303957797
0.622936146753982
0.657284334157919
-1.46338342995195
0.853935439880633
0.580489017953016
-0.91860097780351
0.794865099567556
0.517535108228584
0.494614479368152
0.663929749577619
-0.710171982852718
-1.30683763858013
-0.741588798931374
-1.46765924999935
-0.391674702884971
0.841658856202464
0.0827838447500025
0.314671414095507
0.789805048123364
-0.801223905939208
-0.325654259400935
0.284676319250752
1.30961815303393
0.160373337872621
-2.11818831683966
0.707080597764518
-1.04341356999711
1.06820660928836
-0.317233553000261
1.47967667627648
0.699087988758093
0.159099278102292
-0.94548050844684
-0.793006508081058
-2.04923899287211
-2.35883505694189
-1.65926925495582
-0.958123762757588
0.225729866287135
0.217665351270991
-0.823239284502371
-1.01276803434617
1.21525791551081
0.156275375341672
-0.400257312164849
-0.441779076742656
0.448102274787604
-1.66459080006458
0.214890241522152
0.549563133368974
1.39233785356506
-0.61922762941502
-0.0126012833273179
0.773612390473314
1.62921206030486
-1.40997503421309
-1.74728260275247
-0.472246143478651
-0.0600882414964135
0.438878570591521
0.201222206924178
-0.583298376637002
0.76479669067439
0.14076981562626
-0.37293689489639
0.105466931719111
1.27062430143441
0.499129927163972
-0.397024986016533
-1.78996819380666
-0.266894331854867
0.178431074753012
-0.434192174480561
0.464513248320177
-1.12144527588722
-0.359075138759723
0.532266690356129
-1.64350780294275
0.466899224814047
0.11210725883817
1.4965444085724
-0.586502255515034
-1.71893202713396
0.741040148219291
1.08769551523333
0.756670133381815
1.62969395971859
-1.37499337757164
-1.05201055264159
0.477517893688704
1.22217693430612
2.37073224069742
0.114585880363316
0.279069293453606
0.752079823603291
-0.260256948894717
-0.0259932042401371
0.0967238484465304
0.144143031705591
1.85620888987157
1.10033488560171
-0.36410720130982
0.471993486612882
-0.839106828461638
-0.523633294309265
-1.38876627261807
0.00424800135076979
-1.40478254780798
2.62901788241024
0.819529073739235
-1.44341069145644
-0.499729173702312
-0.517958981134952
-1.80274669758842
0.988435149745198
-0.360752787176833
1.13265945229091
0.40901833524344
0.819121445907826
0.319661451949245
2.41500573993395
-0.114031879746852
0.118016162414546
0.999690970152838
-0.357658956379928
-0.0550262275846293
0.241456372243357
-2.73518034124724
0.193514075847515
-0.14539557599954
1.4545757259713
-0.396689380476918
1.7289032494209
0.251892524702201
-0.618553280342273
0.976328675538529
0.130990613494087
-0.36435721115111
-0.0933122242770587
0.489806484715513
1.40143131148699
-0.274223243047295
0.675816484748602
0.190580780014869
0.670363177513586
0.208356972438787
0.327874669562778
-0.823197262022587
0.331905598491443
0.343913882715245
0.37974797229243
1.08893929929193
0.994859162298347
0.208609505477775
-0.399187784721122
0.506010997715529
-0.127763459902947
-0.254920829159605
-0.0780433483576717
-0.314649336914216
-0.308418402205124
0.401268224297442
-0.129420671803473
1.32768323182593
0.670786507077173
-0.691714890315109
-0.0492184406638171
-0.326730968274216
0.303248303060982
2.05650030235032
1.70719108294098
0.510741754250924
-0.187688896273836
-0.589429408264081
1.1432764896841
0.130367868201025
0.586462821691385
0.103399407449129
0.264541354554997
0.0547991280596576
0.221252095944134
0.0910058364691641
-0.150115495268662
-0.561296564169207
-1.7991850401583
-0.470727384279816
-0.902588254765829
0.547841242081255
-0.735207779443055
1.47586319640485
0.505823134798303
0.692663843007429
0.134881332758656
-1.06877988750193
-0.167592070288935
-0.462884015681732
-1.26356423116259
0.420394075210579
-0.324320955600972
1.34109638179734
1.21366325405979
-0.502784764078083
-1.11636318396596
-0.922072017392183
-0.00104178575696904
0.153489572996636
-0.903969906684154
-0.938331896151376
0.433890646777762
-0.153153296108675
0.402437822102565
-0.652552421675349
-1.95769089399995
0.067693176484834
-0.047320006369669
-0.696918976950953
0.457548157431916
0.0793040579408948
0.47959342114925
-2.36039159713721
0.444008090333474
-0.324989465679582
0.0972059110531082
1.11480549703844
-1.15706256769963
-0.475712622531447
0.522584961220164
0.887143728921974
0.0165480522704102
0.902541728662641
1.15478382083166
0.872533778384226
-0.469162669778365
0.596529042698745
0.836091721716751
0.304492895069666
1.15532384373177
-1.57151394555673
1.63647807645754
0.554831377676316
-0.585432090403869
-0.51044388263956
0.492702201713235
-0.650825549532833
0.926872516145553
-0.188116417748829
0.320829123517506
1.42029801135131
-1.18996191382327
-0.928444180955841
1.309552467834
0.11534587443637
2.82812641198164
0.274098561626552
0.115687582710978
-1.07036797279232
-0.709702107428845
-1.51313830505652
-1.13695843959252
1.27219232443648
-1.14405846757721
-0.52616416822558
1.5781784264677
0.578635738132431
0.578572960124206
-1.42280579946622
-0.1903920233952
0.186023388187604
1.48399454010453
-0.679469185194915
-0.530061440243825
-0.859494403107605
1.30635556212676
-0.0863295708537686
-2.15037297275957
0.0252318127580938
-1.13561935356868
0.714952767312046
-0.616843424699227
-0.955456911314049
0.135560428802578
0.637968781518931
-0.366976765389826
1.06140975892445
0.0563775349726088
0.0854127189639524
1.83602125591977
0.67536345000845
-1.545835146688
0.353632020166008
-0.0924402562189147
0.638394814105214
-0.862959649040353
-0.886445740678735
-1.22316589938391
-0.185642896043169
-1.72050944955207
0.151804700542689
0.8165076586779
0.577797775426848
1.06385120511261
-0.803238722542674
0.798627417664064
-0.315092269511858
1.18606398160173
0.0849390140272552
-1.42497597512252
-1.45411112015933
-1.80931648036793
-1.46294717269402
-0.138067504850374
-1.00559188795698
-2.73330434066687
1.6924049669297
-0.28338550607153
1.12214234095007
-0.306948458587744
-0.168531423962066
-0.0813077173088029
-0.0377175030202434
2.09138943321413
-0.410629616516801
2.95757015441396
-1.68738892285584
0.290257353747172
-1.46935240703217
0.449061780062092
-1.69589482799804
0.06046058553861
-1.14761248514479
1.99393615545747
0.920891651423923
1.62270079012959
-0.487547332849878
-1.19558192699455
-1.41946978437913
0.468219636807238
1.32992391508012
2.30471703618212
0.851428879735412
0.521838577151225
3.20129329948546
-0.330453340873141
-0.896355554522242
-0.993949914217387
-1.87166882526623
1.49786930748773
-1.63244672887591
-0.851816931598757
1.07740026904607
-0.440098573261119
3.32798405036193
0.103795549574524
-0.773078762688917
0.677374438846291
-0.696817323443915
-0.0753512238546296
0.0260186363012759
2.00553635420779
-1.1296313010568
0.654236869385572
1.41916666165328
-0.825612778293049
0.0531067702556539
-0.855854647096344
1.76811828282612
0.182870706386307
0.431021832118606
-0.22881808880504
0.393996663746908
-0.525874639225718
-2.44696013529974
0.155245392087599
-0.834079027680598
0.0784677348649857
1.31271004175894
-0.135124367253085
-1.40999549868789
-0.162703275625412
2.10983615252955
1.46258581887965
0.914105520335594
1.51214473168008
-0.454164535979311
-1.13940317994223
-0.705496999016342
-0.331098302059917
-1.52079225854241
0.165279375567899
-0.487869920298793
0.586965259687663
-0.903369254574816
0.371007954483716
-1.26014297411022
0.222889374683399
-0.413063804734109
-1.01666790498812
-0.326022707046303
0.283502122171123
-0.0115687363522061
0.0362673831189453
-1.09830300790239
0.375682612993207
0.17005480298825
1.13966800506499
1.65746365792322
0.338247945641554
-1.81897060113566
-0.802271285232514
-0.574424361146497
-0.234255538162634
-0.305200773168878
1.63944565831333
-1.89723560893518
1.31851962850813
0.532358984717444
0.601597721194497
0.46718865410225
0.208181476539866
-0.0575993913192232
-3.06518570597399
-0.612494157130149
-0.0161618872854878
0.776899839858433
-0.09000611856871
-0.148788736928861
-0.887773168275898
-0.776091486318449
0.629227510699325
-1.3158397605002
0.898735267490939
-0.825131963163676
-0.575500622112683
0.02532558983482
0.562566700694228
-0.172096447920265
-0.648153225066535
-0.153144795671752
0.0171236616162481
0.827807340338964
0.698924775612875
-1.00618854706982
-2.24417597392608
0.102300857566281
0.901808046019535
-3.00579805696385
0.659236502869799
0.760340990170446
-0.16991611297682
0.708616008691135
0.628756454919966
-0.763567735330353
1.18767050495837
1.16395562823057
0.437910288223972
0.764358341367697
0.172087825758522
-0.635978544562527
0.263634895441059
0.557991480916229
-0.323505723333905
0.238929869970973
-0.668542856583401
0.542179966853622
-0.734937921683538
0.616388154718472
-0.228798316237394
0.820999757817186
-0.15522659391157
-1.3083078615015
0.777574520973643
-1.18011512074593
0.287776366120938
0.449291872965733
-0.53606848843041
-0.920965799400018
-0.686497980758881
-1.09286986947929
-0.488991481058398
-0.918765387233797
-2.03170420188349
0.639005555175299
1.13588838683707
-0.785608915113707
-1.01220230979669
-1.00837658998084
1.5211595804375
0.663269860829778
0.0712163409535617
-0.584426135648126
1.01463980025249
-0.226943509271026
0.64405438751823
0.200877419512189
-0.0290348100074712
-0.992313927207656
1.98357798060289
-0.939563420214397
-1.60947786136176
-0.219788108077936
-0.277410137370874
-0.880145176808166
0.583930915277866
-0.363929700603218
0.416690023035394
1.28682634197623
-1.40391462998258
0.444248268512875
1.44085767069309
0.332876769907653
0.515995213846267
-0.232061442278538
0.602345077023827
0.612537700370956
-0.392011064826814
0.710825522639968
-1.89482252106583
1.35832872885057
-0.911797973883819
-0.149636404399731
-0.401140054361355
-0.577582455999177
2.00385406610458
-0.509643061740945
0.0888929993730501
-0.0196980795106317
-0.738073583544763
-1.15216375048401
-1.94760173348294
0.0262959269096495
-0.825893320878885
-0.717992263351121
-1.9409780335592
0.987545549283353
-1.66311722023539
2.0633137376347
-2.08203614418911
0.273161584468603
-2.37673623778599
0.379465859861819
-0.991320262127449
0.0942173927640067
0.643801720678923
-0.782961250508931
0.14862097760629
-0.920779038433774
1.19112162183671
0.980936320348867
-0.723428602540692
2.33437665678732
-2.55122651603464
0.902509112337705
0.227134531282764
-0.351252242862953
0.52746427620808
0.874845918742686
3.06809766169568
-0.618880928299077
0.757522492957717
1.02862748444484
0.0528400805767384
0.210856679529125
1.15247596598672
-0.352293858824469
0.515560428906091
0.962175506295625
0.38715736952591
-0.225195815473209
0.249425850425
-1.91600907295943
0.711205294807369
1.56290313807125
-0.825379495034574
-0.568133728725149
-0.723673823667099
-1.00899855195054
0.730513821276706
0.085209732591821
-0.427965925414107
-0.596361944602961
-0.745601829722143
0.642888212788262
-0.193149247056825
-0.125760483323042
-0.0738573530038222
1.12215051663051
-0.252944149134799
-0.395010522608427
0.393903236401973
-0.678536213393221
-0.165741077765017
-0.50915120832859
0.489158331260454
1.22613518707522
-0.152181283791818
0.838969359286174
-0.0664152121449634
0.882032460677491
-0.614498162730976
-0.113186850154636
0.752232087306137
0.502253613574859
1.77151382132671
0.0256905616710448
-0.00518797329565422
1.03439274437471
-1.60258318434608
0.32243396870382
2.31202690496681
0.0259130089924721
-0.509970384722807
1.39045797638868
-1.45756374746185
0.666306399591632
0.22473021894071
2.09875500026932
0.47944539363979
0.650312965534784
-1.72614717518309
1.60367130671564
-0.54618035625401
-0.510315155429545
2.09867160500697
1.02183976527719
-0.204025477548196
-1.14895860203955
1.05732372444744
-0.0707031808557708
-1.66164508805341
1.72545826640228
0.981132721620011
-0.0184084315586291
1.3001624362138
-0.282011908590232
0.242475495599619
-0.273552459270663
0.0184179202055404
-1.53743309216861
2.54133683695389
-0.425990165394575
-1.30511730929967
-0.607643861088372
-1.88195108980258
0.389123455492192
0.0277654819875321
0.0146560170511676
1.47665836874441
0.253199764092236
0.65349274087704
-0.165080589002403
0.536319662479366
-0.559252747373963
-0.431606824416393
-1.87082804453392
-0.473181723272473
-1.19510476434264
-0.294703894937493
0.711936929745721
-0.317180308351411
1.34558053556696
0.431572927083363
-0.290224729913795
0.804783728180003
0.349498987836659
-0.674940834430279
1.15980155213344
-0.0383825870959119
-0.497727259482546
-0.165460961214845
0.255275211750641
-0.514030750647262
1.04977718186852
-0.297013907590919
0.207544087526936
-0.0162938950807381
0.885397159147555
1.70028027126099
-1.6920242662031
0.187102024027836
1.2994254699257
-0.177342182120601
1.26692425072784
-0.642951773994634
0.588979842294555
0.491725833959968
-0.31779096865983
-1.08034832892311
-0.236694554118825
1.03750878791165
-0.50567289890693
1.14924994226942
-1.6583384063955
-0.65855082915197
-1.17472830887972
0.405981101673919
0.561161892748659
0.763683290682008
-0.251251623931446
0.580274165375135
-0.859688337890485
-0.24169311129015
-0.235381059118039
-0.51847255998134
-0.949762954251863
0.239593687492792
0.558733112245134
0.350336639719076
0.275182621728208
-1.0816743737435
-1.53465376122209
0.0242163384990306
1.57142775593509
-2.0382317250548
-0.205198229790007
-0.179021839019864
-0.0103164511121635
-1.24438836618716
-0.704389090496192
-1.09426590793117
1.12908796137528
1.11844784890127
-0.225268037379081
0.0718582131602822
-1.37922142193549
0.0299114635985521
-0.397478173109064
1.69177451213791
0.755117130897104
0.523883639094917
-0.474368567098567
-0.0197495038796222
3.13798086406887
1.55272213000754
0.0624570168185281
0.446258876234552
0.216111017874641
-0.165013009041531
-0.261181258470516
0.128394658459476
0.842844270973819
0.764313520804496
0.220261025267498
1.04058020121052
-1.32476002710131
0.635503367797808
-1.67736850601015
-0.314409695706193
-0.596958116605392
0.417571465693168
-2.30453421512442
-0.775047159790157
-1.62070336529335
0.427633064409749
0.236061626258341
-0.17906623570901
-0.206452051733246
1.21886592273614
-0.0391442605339607
0.0788227811220612
-0.684108984409795
0.108209019664629
-0.193159591783957
-0.181832060517484
-0.400380824677713
-0.209643980086866
-0.10375417114838
1.33078096803562
-0.541981163314787
0.979113824852446
0.275542917321224
1.44913786976252
-0.307005772878308
-0.726711197880153
1.27887319093794
-2.76420841511181
-0.568166261972914
2.7633039784331
0.0606341756418177
-2.06340314794355
0.0306400041689226
0.326294669476757
0.731459338559721
1.3548787656698
-0.215322177838476
0.536494345657742
0.574382752312492
-0.0154174621778779
0.0599543312826997
-0.917658045496593
-0.524291609346475
-1.05042298629535
0.306079597811348
-0.0575898082644312
-0.177815192632172
1.48189046784588
0.131510780477748
-0.0520317845200312
-0.550094992284291
-1.73396238137937
-0.387418640702467
-2.36514614760007
-0.571256026650858
0.0100688846233914
1.2557230350065
-0.820761234820106
0.305459769448898
-2.91126228267898e-05
-2.24377145367397
-1.86334546647566
-0.195606060355811
1.22572211059854
-0.603547917608793
0.67820374089518
-0.726320625047861
-1.07273130699656
-1.30248615036353
-0.229620177034093
-0.656654718797043
0.381522053116981
-1.44878818521565
-0.978113121073315
-1.22437626741747
-1.07705255609514
0.623583101876853
-0.45789578381307
-0.561759084291167
0.136207577474471
1.02150307802742
1.93608888647862
1.56135589087925
1.3590230229606
-1.86475597741805
-1.71706141559762
-0.0618715480631297
-0.705292020450235
1.1074355553196
-0.0447680708079792
0.118537639703378
0.878219559794918
-0.0799467402399875
0.590145562404373
-0.554746851977543
-0.615667074598137
-0.689040054821162
0.116538622006089
-0.855604560934458
0.796908390335412
-2.46421079589342
-0.474591563292857
0.563041957132249
-0.552889195066872
-0.29492739232662
0.124951285225555
0.109074567156241
-1.11983199580796
0.47294923498231
1.77863709499698
0.800017709113629
-0.658022045983311
0.107852392959273
-0.517306687181421
0.11984241539682
1.93090214410833
-0.532677869532616
0.922536008509636
-1.03674930738957
0.279650251415209
-0.523114847922919
0.546274286848153
0.705332741103023
0.468459538537198
-0.100023715914222
-1.06789093240283
-2.5887192859672
-0.448819275176382
-1.44025911024101
0.934777919690485
0.375976726019918
-0.251271441693214
0.496861308911908
0.0926713748292224
-1.96432619852048
-0.401107956290433
-1.09391092260497
-0.678303431487167
-1.97004288693659
0.307209707717855
0.0469201965953798
0.21586942701712
-0.237293237462339
1.66600198748716
-0.222967108785987
-1.37088591282805
0.856108219003657
0.721928623623867
0.712894647129802
0.644423952369251
-1.29445034469405
