-0.124227147905188
-2.54152337765079
0.277208109946094
-0.195979338194456
-0.196212235580873
-0.305728245742116
-1.12893012104962
0.194246293662934
-0.607065501783747
-0.828446124613659
0.535837120202329
0.109468212465616
-1.12208994053425
0.0460415397004069
-1.2385691623394
0.638178975384194
1.1452211254509
-0.015918252559929
0.660963744454504
-2.54553066250664
0.0124870063154496
-1.01625571632121
-0.1155691005814
-0.776326267865958
-1.13982246780548
0.319776939370917
-0.57145364668836
-1.63002003442993
-0.936383121983829
-0.278635473477762
-0.0846470625260711
-0.883671607677451
0.511775369865399
-0.0726332544712861
0.0192517537271436
-0.393422252447404
2.02567459457738
0.130295879399037
-0.602361406537528
0.933220558785207
1.44543581282114
1.7315054081093e-05
2.84673169443739
-0.385866945847128
0.15017417720591
-0.317189684229502
-0.162787074320378
0.819386266983277
0.0817036434985833
1.95637113403999
0.194537591724883
-2.33268026113549
-0.594360215506533
1.09644674555997
-0.195481066257911
-1.91550552270729
-0.718595307943935
-2.12896438723534
2.69908432413036
1.45139030358939
1.15272624096913
0.392609324941505
0.799278767780353
-1.91460319809074
-0.585521251063768
0.059300333328777
-0.591788319165294
-2.43562837260122
1.8795795223299
-0.184074028945786
0.0195439480810509
-0.575821195576609
-0.800929452610893
-0.306357689842501
1.76386171232705
0.135501986937486
-0.478364544130393
-1.2599085835331
0.610977990143895
-0.599756645409281
0.398709580568727
-1.240332227866
0.500272611236112
-0.466447157633129
-0.0151552656792122
-0.380424256007937
-0.413897230340197
0.181120877547095
1.19774874304793
-1.03318907133951
-1.09593601164394
-1.65591979853617
1.37991549292366
0.682562650023889
-0.603999968931703
-0.404024044615191
0.489824022806287
0.685980198984707
-1.05241286575725
2.2735811691636
0.930739803176327
-1.0992821296833
1.03377431815756
0.854383297831226
0.467355239780367
0.113901272588497
-0.57788809288161
1.82257273512616
0.397035124062267
-0.501757506356977
-1.17807571996414
2.19895332338601
-0.505327770823491
0.20815794129883
0.119102397432048
1.29789098500917
0.61623011275286
-1.46909041552705
0.292714199701098
-0.0264479623136726
0.130400119158014
0.460725617083153
-1.37563626394571
-0.924251591163307
-1.81024943511307
-0.464164512359628
-0.387148379567414
-0.977264240180346
-1.96420549290386
-0.914145144172822
-0.906528990130121
-0.491991626875384
-0.0265107424210063
0.235686312479791
0.791957654063437
0.862339051086081
-1.39753907409585
-0.671129623790399
0.26337721952406
-0.706075330611077
1.68202362236752
-1.10919157516759
0.29064014713918
0.539071780590406
0.698722524651713
-2.06274093684139
-0.874912862877348
0.167135295486221
-0.336869979970185
-2.54038746590618
-0.385031595990415
0.461306233279743
-1.98074872679696
-0.64054811113003
-1.18104157668799
-0.0856385808352227
0.489981934103431
-0.294389721564422
0.858011565492673
-0.0291053964458863
-0.710634260740853
0.795090185014405
1.29549697630228
-0.135199505538196
-1.40366668648623
-0.226144239836514
-0.223524656243693
0.0311486113091033
0.063406249646514
-1.82857418443728
-0.651327180932278
-0.0840608132241847
0.139647452926391
0.73318238998091
0.186067750621877
0.0128427456088042
0.994459544598336
-0.63154303610763
-0.0693491934537248
1.21341891522542
0.644809079882488
-0.47747050160476
0.82503578763972
-0.2215092050932
0.645011955269435
-0.912035259749069
-2.12264722131337
1.418877464077
-1.0239367077382
0.740128268273923
-0.220826102843677
-0.395380259888411
-0.395058580981214
1.51964556769232
0.292818526215975
1.19556529823517
0.945786035060777
0.00324574272771342
0.0357219846720868
-1.18290637261276
-1.40126855372734
-0.209219351712988
0.204161268251047
1.07029757836028
0.750717583778872
1.26393320861027
1.6218268281578
1.12324441816822
1.05799631045403
-1.03290217330621
-0.202700688520144
-0.436696295250102
0.771938912220344
1.37510217305401
-0.348679806061619
0.115403204148544
0.419719352200915
0.825505522905605
-1.20303787246379
0.637154959457892
1.24068962876065
-1.04181642196483
-1.85897545608949
-0.400342530451687
-1.14134347110568
2.12457234412218
0.422707016940081
1.41447267450521
0.296387780434006
-0.460689444071105
-0.93203974403827
0.225361007727469
-0.161644256018794
0.779090829694149
0.106873887162601
-0.0486875680973491
-0.335635226041745
-1.88791397637665
0.541948875368652
-0.112079078119791
-0.605876981371599
0.698295038856668
1.72906166476486
-0.533169753889816
1.18134122059228
0.766689535054966
-0.718169387386103
0.752999577606048
-0.150847330285092
-1.01356761254958
0.0974601348873307
-0.813188959242008
-1.99982587875161
-0.916109062337233
-0.609002122843636
-0.198247230570793
0.55413507247742
-1.91811579623838
0.552269627727158
-1.04114180743338
-0.817176887898647
0.586354277275349
0.487028949740284
0.806411422730738
0.479941326757358
-0.108767960681479
-0.757562526788718
0.233463877302426
-0.660044813924158
0.0650868468028488
0.165676972394061
0.871103416051818
-0.597637673782156
1.45496162877519
1.29392767172435
1.9750635377937
0.620074218828831
0.642285206136547
0.412159016366521
1.04261049046765
1.3005954818246
0.115115619283854
-0.869437804989346
0.107966168922042
-0.176467609387939
-0.952795964384468
0.919128084931581
0.697575004349904
0.105496625540631
-0.0739269784590246
-0.0214670994259363
-0.906659859700723
-0.213438427786548
-0.110608713673176
-0.81901680143711
2.16958226503599
-0.967298651193434
-0.475399149878062
-1.20820421972386
-1.01452910522315
1.23383158535013
-0.219917540543005
0.570572676911336
-0.6529271211819
-1.1302246458079
1.05809862839689
0.39316855661073
-0.981502370607575
0.99583724738618
0.850607933972477
0.00728333770844503
-0.361452999592474
-0.941351710147545
2.15231475151535
0.403234164002199
0.131496979503472
-1.32195306046681
-0.372305512262528
1.38495767239564
0.140887891039296
-0.67429128535042
-1.97832162940102
-0.644288398646385
-0.995732837971245
-1.0201668896244
-0.419870316437603
-0.65627832303383
-1.91353208223908
-1.67521839190792
-0.0140395822727392
-0.82074538747775
1.5008111308807
-0.740349976286709
-0.186876722297631
-0.216121113251059
-0.757320213560883
-0.354092388793601
-1.4383107696735
-0.966927455913878
-1.72101719285865
0.689813442823257
0.605096347445717
-0.739744471069978
1.77827497035396
-0.700726852263499
0.339615036059262
0.0567678527396263
-0.634939947011941
0.653688377533354
1.65585894803469
-1.73787693901956
-0.0252785323379217
2.19967650491276
-0.854622412018817
-0.906017717990383
0.0152016020394835
0.664447971101821
-0.504496856215447
-0.355862301798373
0.280995785944468
-2.57952825713238
1.1965668424414
-0.386730531181628
0.275034929262957
0.31255917141602
-1.5760050785528
1.57105571278013
0.701758943795925
-0.448449281082549
-0.607455121037003
-0.877236722040769
-0.975796504044616
0.71678577101859
0.852448896675514
-0.729534020645956
-0.391964401787143
-0.525344109183972
1.83904023974054
-1.18586029267826
-1.5890669356282
0.417052400211625
-0.857453300617299
-0.745337988219834
1.2879052279387
-0.714464192852557
0.402333481067073
0.329058694991347
-0.866009832550431
-0.424360124242248
-0.432083086346905
1.0081362109107
-2.19908354557008
-0.432791663614472
-0.483294338188079
-0.98534166903474
0.143335597811435
0.115856070602992
-0.0151347530892621
-0.803536472144663
0.0579322695766768
0.583486398449066
0.533877770589645
0.0790918233554443
0.928225000864001
-3.64267178177025
-1.33982366053365
0.79607043267354
-0.221525078223961
-0.264209666058013
0.164203845299106
-0.348967791551421
0.541253218476858
-0.398186000707255
0.39315384052707
0.24365446341745
0.826721180438645
-0.100395188429324
1.05218753992946
0.194283833583327
-1.69944763976211
0.881938820998941
1.59034098068187
-1.03862072802282
3.62482707625307
0.187066661176995
0.837235502074481
-1.70209830680174
0.89232903101121
0.265934644360356
0.0796108463239139
3.06385670241663
0.269603044869077
0.110620759435567
-2.46366080833351
0.0835906337190014
0.648713938057108
-0.414855833769147
0.288330815800612
0.29976762801409
-0.56189353031363
0.128049995561215
-0.0617953012779715
-0.320338463998302
0.268189425450352
-2.12987085520053
-0.556981973650672
-0.143461266184433
1.50036129187504
0.250552619759266
0.545091170639497
-0.626172689652435
-0.354743952991829
-0.409467207846863
1.51889724797652
-0.171977337178783
1.04255826458481
0.582053285568011
1.05776316079117
-2.20861100046011
2.42735782813129
1.17369161180683
-0.365706043287091
-1.56949954874587
-0.482602518452624
0.13012528979942
0.0581163349721492
-0.152589989256496
1.79739179348159
0.152357569509416
0.521923208454133
0.202169790456852
-1.67250101840817
-0.0882753918758044
0.620946995114989
0.533626931229824
-0.903043385319629
0.135306915273043
0.15036860105754
0.291670155610878
0.0915423964045972
0.412973449912736
0.512055421911043
1.590297549534
-0.381060878852711
0.924821684804568
-0.17897878676102
0.564111213346489
-0.331393694444134
-1.39075768839803
0.712730149627306
-0.232083605824796
0.13223071248088
-0.904012238465861
-0.749997948946718
-1.07323215792209
1.80035452247371
1.55880754877216
2.03304537357516
-0.233182473249184
1.01298291835505
-0.32361100635057
1.0034559262129
-0.171734727801323
0.978009088274293
-0.976025990207048
0.85950027469881
-1.3836617496954
1.34643967678036
-0.298344795369427
-2.07947603716694
-1.09574420410415
0.22994292548624
-0.141875462797358
-0.600486182845103
-0.603233021084364
0.322427555578545
0.503198466330431
-0.793645809199748
1.04627382634753
-1.18931659208325
-0.639244809506893
-2.1731545772438
0.0265708372681817
0.805310800581118
0.579715178668172
-0.0857729280349694
-0.962263385981559
-0.0192773944339582
-0.43703880207788
-0.216272425300275
-0.346748094324171
2.31312052648438
-0.308089844174939
-0.808486918252091
0.834183848494532
1.0287922685227
0.816266209552932
0.176899429401664
-0.521567295093881
-0.367261209230349
-0.101535469221341
-0.779481088316277
-0.401013503502337
-1.70123685835048
-1.16762189967381
1.1017520365588
-0.954225709792654
-0.139404029567429
0.288443078288584
0.994623824813427
-0.50370031777054
-0.740911032879438
1.49350567687096
-0.182128735428626
-0.744392325821913
-0.636758788886276
-0.261791863699814
-1.15778313873753
-0.271568387726556
-0.506314292937949
0.598397069128445
-0.12064299049566
0.680158388955888
-0.55271133515257
-0.367684049429824
1.44290753063335
0.775275003267522
0.344804175213736
0.353977164458439
-1.39125352822465
-2.04076762559687
0.701215731883622
-1.25783757208441
-1.2327578086977
0.997306891885002
1.61442590213518
1.56228317042448
0.183771658075566
-0.12089019865021
-0.117185334656535
-0.545735283871259
1.25955068967225
0.487654033740915
1.91370385269939
-1.18618877777278
0.432141530393444
0.672215607849043
-0.365262529856142
0.443300943278162
-0.990327114030493
-0.405257823457197
-0.73248405024917
0.850562221808008
-0.555270496275668
-0.185202086718287
-0.290969062353472
-1.34314921583217
1.1781485473877
1.05133708348262
-0.421320042127234
1.74542808113536
0.789382479546506
1.73209481249236
-0.0901330025074855
-1.89470649161285
-1.52604306160191
0.406437699633526
0.495778096539451
-0.396841564940902
0.123138848309126
0.146587875131078
1.26040047777591
-2.35360457040794
-1.72990299237119
-0.177032932220903
-1.11213011386941
1.32375434343721
-0.543733902807599
0.126789375281878
-0.154869329375214
0.617490259582231
-0.709859714304214
-0.520280207567061
-0.0611374484506556
-0.768989799326359
0.551655908457274
0.103212053085014
0.617706635437226
-0.132442926871052
-1.03722560908073
-1.03942782699823
-0.955347373144923
1.03670333875567
1.13679999851445
-0.606295930916462
-0.193441831400708
-0.892155120825875
0.391286702615577
0.186965836359754
-0.575813193730618
-0.0537673592716865
0.718311689486459
-0.233450568367235
0.106984133138704
-0.949466756678477
1.03924105235094
-0.456453958615663
-0.0196643314241957
-0.0899211233921492
2.11804296072277
-0.836098526854971
-0.111064674406126
0.68283144349007
-0.916531500651087
-0.0760609540492229
0.0849721540381647
-0.271413653617445
-0.368797248307465
-1.10260611234436
2.80201001735278
0.0402719096661245
0.20513657070506
0.0921281836280087
-0.659838749589608
-0.107269462548447
0.408589053584792
1.13422149952883
1.60667682647647
-1.29093875303051
-0.435804412266248
-1.04739296507852
1.03343761660113
0.386400755816338
0.957993231010879
-0.270644166699938
-1.03898570524375
-0.347814312162368
-0.776845264629856
0.0577993671563234
1.00992981408675
1.26265695943972
-0.288388854971627
-0.994419515678017
0.245059928843454
-0.170457722834576
-0.835757884958574
0.479520784971358
-1.86836826220001
-0.174123114854631
-1.44066992613012
-0.0708783539411673
-1.36812832005563
-1.46252154734314
-0.0211844327201032
1.28754481539787
-2.7914194589208
-1.31121697364624
1.47537358279867
0.414026801449505
0.495086090226848
2.11987593332311
-0.496480634268273
0.456841601025074
-0.36348129242219
0.954579552529006
0.400022657633904
-0.516798865994045
1.05432167862804
-0.901354135250992
0.34869055456676
-0.0282854296272762
0.324947560765531
0.303905538771704
0.499164645418029
0.0155241940532483
-1.59457005265684
0.789132671223883
-2.313025142921
1.12065885529329
-1.08161185191907
1.3422381632802
0.55230009387028
-0.975334606803011
1.38357521332802
-0.656594063510396
-0.213392840175906
-0.494868485750458
-0.219407870872897
-2.05603281266927
1.49120119424972
-0.233881090673979
0.899275511123346
-0.999686047942321
-0.0735162994102811
1.28753025007407
1.87861388825022
-0.103247936223249
-0.0596903335861115
1.091887684373
-0.266102362817811
-0.208032111260084
1.4347597520164
-0.00493792413158573
-0.81378973328095
1.65111163521551
0.00379808702157272
-0.279494672814446
1.07452795861271
-0.87008841615772
0.814666667781921
-0.847411883117922
-1.52759619958023
1.27476839041425
-0.0291211097120836
-0.280269290790018
1.5669942111292
-0.408300871328552
1.03801921617583
-0.119475330740394
-0.387742107959902
0.424485125409024
1.31110329418224
1.9450345468283
0.414274290867833
-0.627081303362424
1.66148054605789
1.55325517499231
0.0921601284949093
0.56445908341721
1.43250893987869
1.27265489531897
0.490891823736839
-0.50425315847848
0.346304798146404
-0.977362115191249
-0.522867768184696
-0.621440253600018
-0.168014642014528
-0.443871806883208
0.837612252349198
-0.229953042693657
0.0164850416190792
-0.955705786810853
-0.869864272301986
0.500615908354885
-0.83224937022863
-0.065319778802532
0.280897355414042
0.373249120461141
-0.251453943612047
-0.633767734730403
1.24901886541316
0.546672254290862
-0.699334721895402
1.21827636704678
0.142563675944138
-0.129000137779446
-0.84595873943217
-1.0905123422475
-0.88828460183653
0.463878654796991
0.677343928295029
-0.136981337465591
-3.25735217394758
-1.10972665628419
1.43322985153559
1.08774117064467
-0.165694944118312
-1.68666294887262
-0.153104096682617
-0.157293812940272
-1.8774213352749
0.480076351648602
0.271988441115244
0.455974042076572
1.46155231688056
2.21317870027269
-1.08313085869919
-1.04096802808058
-0.462286003084705
0.934221337489677
1.10607492100948
-0.812047100676816
0.64168647431157
0.267619264030548
-0.949461255282079
0.644854223775661
-1.3627423074834
-0.704521796663173
-1.48405872386008
0.101056699910381
-0.220519690497909
0.154702371826042
-2.44115702167001
-0.265410504598014
-1.56145133183317
-0.488404625677638
-1.12059347922707
0.147334499270705
0.658095591273481
1.4765248839431
-0.0142400570716586
-0.565515722954255
-1.22654754504745
-0.529684980373226
-0.0890272271649123
0.215686828431754
-0.627935569334412
0.188545814135482
-0.119633928861159
-0.276114870570189
1.52649245944173
0.351483784333844
-1.54496136508805
0.902376550330005
-0.966713134145043
-0.469409649092792
-0.62539888138729
-1.44613656457954
-0.530065151517932
-0.383851046213762
-0.0872198738603416
-0.601674549764253
-1.07046188897314
0.202274279226602
0.542897958211937
0.700943971943718
-3.12980379717286
-1.19427388969161
0.400509379259665
-1.58106064013767
-0.975708836166524
-0.0806402508043357
-0.872302571873778
0.45784405784804
-1.46812954730951
-0.610323190886037
-0.899377369821367
-0.162023404000059
-1.03077662725253
-0.911345657172703
1.24181227755519
-1.32970020201818
0.700132208576431
-0.230884596388865
1.11663395531096
-0.122766922687353
-0.880983538486038
1.38229840525091
1.4870941218966
-1.35562200507039
0.112211547478151
-0.709221937781947
1.38020626271603
-0.712399520248873
0.266983225604068
1.86243462684296
0.379094118731563
0.981256180706115
0.409842523097596
-0.404614721975885
-1.96470247302068
-1.34808499473318
1.04488727897736
0.707992516547562
-0.907908121439644
2.46487434352971
0.0275883232196108
-0.484013596099517
-0.0746603315599904
-0.226965118605364
-0.601192951735193
0.464361708001283
0.0862493218772821
-0.672276268780344
1.07116732265471
0.0934651452892688
-0.424092784722423
-1.44655132790702
-0.00258352059539586
-1.01131147452177
1.93184919799215
-0.0150473725187859
1.46640325411916
-0.645435313803277
-0.137077482903867
0.0508553382551638
2.01568038175158
-0.995374755285756
-0.465865655217773
-1.33316123270169
1.42296715892859
1.47154667468172
-0.456957966438242
0.631485217280839
0.0322895018940283
0.326696025745146
1.21465335207934
0.976125855929086
-1.47647194606153
0.531002387959
0.56509074200759
-0.295501998184864
-0.933809177961427
-0.846355760739143
0.272637869454558
-0.56087834462977
-0.232036865100856
-0.332017555853123
0.673492420517348
1.96293732468495
1.2706430716689
-0.0865556012817694
0.756436674284385
0.341648892011457
-0.79867577817662
0.624958334749689
0.599831268753856
-0.406553332204713
-0.00906349096355969
-1.18607911288365
0.0264428992495531
0.139274994062986
-0.807086807951468
-1.33530650140555
-0.805889470602888
-0.0396247627980936
-1.11252902891299
-1.35822522607093
-1.72698015992722
-0.304156336862572
0.149480908012962
-0.403228467453543
0.391847014385288
2.78635917275089
-0.540186476765308
3.16021434082969
0.214470561761749
-0.675982266804502
0.282354173205243
0.85062299102973
1.23795495813921
0.228193967567478
0.225219442518475
-1.28237900430503
1.27574085615666
1.52410295937925
0.268020329734277
0.13592825590003
-0.975316472258111
-0.565622935962301
-0.530803796053107
-1.39324686505354
-0.468278320931678
-1.90233106895326
-0.242633917970028
-2.11346475332337
0.145448666030478
-1.63989241099903
-1.96411163426242
0.324985096818489
